135,946,292,796,804
506,312,53,350,132
563,467,50,458,332
337,239,521,301,696
882,629,497,182,285
557,168,295,352,458
752,180,916,443,676
258,768,798,425,775
996,173,189,890,1000
191,600,954,145,967
373,351,493,98,98
459,288,559,849,403
803,463,114,80,339
571,404,314,155,647
97,631,861,821,483
868,23,280,353,647
152,728,849,630,944
971,445,195,488,18
575,982,745,182,610
81,523,51,398,745
936,500,757,726,60
534,843,830,579,316
7,596,187,302,301
429,712,788,380,251
337,706,575,927,119
545,334,392,827,228
821,544,500,596,686
796,258,249,416,933
148,124,298,68,231
953,768,235,534,480
643,595,392,183,850
628,862,271,346,578
236,760,276,607,894
304,66,650,994,981
663,474,508,782,227
984,697,345,577,369
998,500,702,576,253
658,580,699,103,323
61,477,348,86,828
365,667,183,580,577
719,546,32,110,463
663,858,109,734,108
545,316,76,521,836
754,30,870,228,955
534,29,718,626,823
757,427,389,660,0
263,313,901,381,16
689,237,206,901,76
193,388,389,995,104
312,771,910,589,69
869,652,458,49,668
94,520,949,632,122
764,639,467,620,944
524,798,120,605,943
838,125,106,926,34
732,133,929,913,398
523,956,442,887,602
100,162,152,789,521
878,375,431,998,373
962,933,693,515,99
335,136,404,829,916
520,31,682,222,297
700,546,250,641,637
802,601,993,503,166
391,955,862,414,753
249,429,556,928,354
941,182,89,897,133
357,713,836,610,941
426,856,979,571,424
241,572,661,222,990
939,966,812,955,681
474,615,896,310,876
238,107,759,632,446
528,162,562,507,212
319,933,886,872,870
464,670,731,142,684
49,633,806,232,846
374,753,323,42,231
632,664,704,154,988
551,456,615,32,784
274,726,705,156,606
187,159,781,654,979
387,188,624,637,677
302,806,723,77,521
79,220,400,998,25
40,465,834,965,511
858,143,850,421,514
48,432,296,169,661
309,880,508,803,821
157,109,664,309,879
171,37,212,729,196
985,565,408,805,812
129,316,424,811,543
56,289,296,285,138
939,990,840,618,493
449,249,338,94,585
709,323,306,536,227
840,150,983,92,605
493,525,259,833,637
760,88,998,232,994
321,223,348,631,973
465,167,776,959,748
654,974,322,39,580
787,61,685,354,461
524,393,525,259,962
891,62,572,889,870
234,250,770,838,973
797,123,25,1000,745
122,382,67,164,118
383,613,266,721,399
86,867,569,859,220
928,538,103,218,806
914,890,760,210,98
763,721,904,242,745
917,62,712,289,885
344,712,631,991,476
671,993,886,906,327
730,834,497,816,947
978,413,962,71,524
339,355,114,737,835
868,531,458,51,1000
192,153,544,779,738
519,895,650,506,881
140,821,263,831,113
761,26,288,838,801
655,653,751,577,957
950,155,377,467,263
91,7,203,263,502
606,315,111,882,41
683,605,37,265,768
343,36,12,88,61
627,322,799,354,598
809,860,364,229,425
134,496,2,136,668
937,155,646,914,936
95,527,282,807,363
915,547,206,136,843
121,465,365,760,604
265,365,415,48,264
206,489,889,112,716
591,31,753,28,322
394,53,192,494,569
177,898,946,639,658
474,423,540,440,49
10,168,186,604,971
513,917,289,953,180
601,883,850,43,85
64,206,798,890,624
705,987,871,867,457
404,554,876,499,710
946,434,825,300,329
211,719,164,784,388
215,218,17,428,255
730,356,946,936,617
304,485,433,893,404
715,823,190,582,37
854,993,44,10,277
706,463,744,126,392
801,32,807,483,14
14,826,957,307,136
146,381,498,684,574
508,572,99,201,587
838,596,459,516,554
192,318,537,966,654
236,570,734,11,563
465,254,820,839,893
681,868,709,534,477
53,96,788,613,141
17,168,886,562,697
85,711,911,272,152
970,75,218,937,177
494,745,483,828,719
902,56,199,905,194
848,848,201,276,242
696,762,353,948,654
770,184,71,550,469
312,58,807,337,991
488,395,952,810,603
419,855,274,321,426
389,283,483,885,98
707,903,540,507,957
33,853,190,811,97
289,308,702,83,935
980,573,213,203,364
831,90,878,65,598
112,401,624,265,228
169,501,726,373,102
905,139,853,315,366
418,601,81,379,110
227,818,182,744,14
28,663,754,604,96
289,674,118,17,844
1000,603,556,408,432
654,54,970,239,678
737,216,345,632,472
237,987,636,657,198
795,826,263,641,114
203,111,151,93,785
753,439,197,792,877
395,666,97,470,232
683,120,259,83,867
280,825,923,70,785
906,349,958,61,418
434,826,703,992,60
959,984,506,881,613
232,959,309,408,437
697,689,408,28,648
482,378,613,529,711
825,173,653,5,809
590,786,647,828,312
842,594,885,563,444
479,100,268,726,461
1,276,602,577,670
56,895,871,654,6
946,93,391,635,879
530,76,687,553,884
318,876,473,186,426
131,639,859,740,781
477,709,693,467,783
454,72,607,701,449
551,175,485,674,787
168,236,227,399,243
899,302,189,504,93
631,414,987,809,141
691,357,449,585,669
868,35,945,401,480
330,591,962,325,462
243,102,467,428,960
163,687,227,874,624
357,132,956,982,796
520,331,937,63,682
471,448,405,489,911
981,140,500,685,870
57,20,138,453,831
580,561,367,285,956
311,847,284,721,735
40,678,482,461,404
881,866,35,182,669
692,966,469,590,403
983,928,344,15,147
754,501,183,156,169
783,400,627,688,181
274,459,87,375,759
198,536,446,230,886
330,555,552,471,913
670,665,911,546,887
257,431,420,409,378
520,278,786,838,676
204,222,249,659,534
615,566,262,557,820
462,847,218,182,211
725,468,370,111,18
325,904,669,443,416
711,996,809,652,827
32,110,881,765,717
763,313,737,947,582
655,921,119,924,422
891,82,164,595,366
81,553,315,440,882
747,47,310,82,338
579,966,946,119,919
431,968,856,76,979
427,386,935,192,513
695,315,710,689,850
547,562,835,162,643
653,99,317,873,963
301,830,966,867,836
621,466,1,906,165
717,699,489,41,516
519,994,649,81,876
155,954,56,63,498
960,349,352,464,880
536,297,847,356,757
78,514,269,878,323
564,123,337,259,373
411,687,657,800,560
101,651,364,289,207
972,404,748,257,467
693,564,885,149,32
253,307,284,664,70
919,454,393,375,531
929,792,619,351,770
867,550,876,502,403
199,727,253,103,473
472,515,242,186,277
1,969,234,331,847
792,717,360,715,741
989,465,926,243,503
888,24,594,693,294
208,600,859,49,79
515,876,139,954,681
161,950,745,241,984
254,987,684,726,824
59,464,347,622,43
667,961,576,316,598
504,937,513,445,137
383,482,323,492,161
277,431,220,72,605
800,761,297,580,882
16,48,814,184,821
474,392,493,242,656
596,320,810,202,287
692,236,384,379,218
324,800,215,621,659
54,996,507,149,24
987,811,58,590,535
940,427,544,835,944
236,441,992,778,769
892,775,685,319,392
72,974,997,450,528
924,822,646,295,783
905,192,754,80,375
256,314,509,643,496
98,359,880,957,853
584,556,524,687,774
75,342,577,494,534
883,76,506,112,796
730,129,727,692,424
609,297,293,388,54
277,499,231,264,955
442,171,113,550,452
558,54,315,684,407
345,575,653,422,850
298,867,621,959,387
909,403,706,451,745
208,165,49,323,541
803,990,348,382,124
235,728,795,164,564
699,440,792,82,761
305,116,714,643,267
301,773,338,71,404
335,346,876,327,500
240,111,230,215,470
792,258,540,20,659
46,311,483,283,479
481,387,849,656,991
137,842,276,253,140
725,404,902,972,684
627,474,685,193,968
919,277,696,674,620
422,431,514,296,950
215,26,109,349,727
856,883,860,563,261
988,12,466,669,551
476,697,884,97,482
364,264,45,725,547
564,254,284,429,130
155,504,797,196,594
958,885,333,986,626
144,7,573,603,285
627,653,962,196,959
11,363,852,488,679
534,62,678,446,917
831,868,630,585,331
833,499,507,635,340
954,850,318,181,508
221,141,18,353,236
752,68,393,675,877
447,382,931,779,160
612,118,139,264,739
573,700,705,486,917
504,785,211,709,106
272,571,606,172,608
558,5,678,940,968
14,81,725,629,768
283,108,923,611,769
273,55,658,26,708
337,143,102,815,523
516,305,342,857,250
819,597,590,873,760
210,236,128,632,208
996,360,211,201,21
323,12,977,745,608
223,860,228,29,207
759,961,372,289,752
609,67,387,158,69
549,8,376,978,279
421,915,73,112,633
609,33,967,48,927
358,631,605,284,404
532,274,588,54,194
451,176,361,559,659
781,809,949,29,934
577,307,505,903,213
108,739,310,297,215
711,272,973,993,274
131,12,335,430,833
107,39,593,515,226
673,62,525,908,204
314,690,576,711,218
313,879,314,315,486
188,795,560,330,909
92,739,302,549,594
318,480,886,944,351
789,154,753,736,724
97,498,909,403,910
459,813,734,178,839
724,600,625,351,878
99,736,403,541,723
414,918,57,237,341
271,835,124,121,429
76,367,524,536,887
819,134,260,383,238
368,85,71,603,684
523,284,310,478,41
283,123,825,527,115
361,254,980,289,763
37,565,813,318,502
67,271,218,812,600
402,832,724,934,951
158,863,466,243,951
341,470,148,46,326
170,870,881,239,992
261,257,684,243,199
450,520,246,56,663
428,444,32,291,942
578,715,814,96,520
344,913,101,160,338
247,966,340,92,759
879,299,559,861,573
82,960,22,251,524
230,260,593,969,924
48,642,753,847,527
722,218,867,963,760
859,833,973,279,639
840,481,858,183,752
386,60,59,846,299
993,166,113,571,21
916,544,983,595,244
985,245,458,279,450
230,848,488,440,521
677,2,154,443,889
982,140,931,990,652
419,127,545,502,892
562,634,824,709,190
545,152,596,190,969
108,906,479,280,120
90,378,543,33,42
999,801,383,647,308
659,810,661,13,669
570,262,32,400,667
799,186,927,189,369
217,801,387,510,943
991,598,203,935,888
394,745,460,663,247
849,521,538,395,824
53,335,958,36,137
584,604,457,976,243
461,63,586,264,702
702,277,858,425,423
160,121,171,505,750
70,3,520,222,478
356,464,260,180,937
375,997,851,491,626
790,377,300,238,663
203,843,151,706,86
213,546,617,146,100
564,771,501,607,521
773,11,171,714,253
176,341,302,532,18
714,953,980,671,359
731,117,86,973,574
537,547,603,765,334
407,183,731,91,49
183,914,339,257,18
204,15,837,316,278
99,424,418,180,428
163,946,254,727,132
598,738,774,315,721
864,222,805,781,554
289,644,992,702,16
28,224,311,297,461
488,800,948,695,784
365,509,46,665,551
299,49,869,812,892
53,985,819,587,995
122,391,967,916,392
425,917,158,653,177
759,732,46,17,254
342,811,511,395,76
895,850,843,201,739
315,184,361,293,287
651,448,438,440,912
952,88,173,351,484
510,525,734,2,856
288,164,472,814,698
900,50,560,838,312
291,809,405,98,309
885,737,365,855,821
253,340,641,204,628
865,446,858,338,783
802,891,682,119,833
56,545,164,987,935
924,310,258,972,41
939,731,246,976,28
755,38,156,804,953
396,605,328,806,360
972,282,381,720,478
582,1000,322,544,556
457,58,92,823,109
365,82,217,355,581
42,434,486,584,762
226,428,342,750,553
468,711,995,802,746
399,278,44,170,696
740,320,456,625,560
283,463,184,132,301
672,732,768,225,288
437,209,537,873,77
718,53,802,2,816
789,608,365,558,476
466,227,79,778,953
993,727,72,742,653
92,593,758,127,746
854,873,19,34,294
401,920,584,428,222
699,840,9,924,218
890,363,659,224,349
199,631,349,828,963
258,365,45,961,545
900,505,934,44,720
277,931,967,376,402
762,769,752,609,140
394,158,855,103,606
567,113,534,22,507
508,526,366,514,826
525,246,282,428,923
130,84,841,191,98
108,850,956,787,272
534,767,198,258,492
784,681,258,568,31
835,961,198,239,122
277,599,573,32,317
268,891,709,448,173
566,125,613,651,84
833,274,214,684,976
365,881,812,173,125
23,633,710,965,384
723,239,416,266,597
882,596,61,223,483
56,162,707,534,873
866,621,763,41,614
62,24,589,388,770
418,818,420,838,908
34,716,255,442,470
77,213,370,229,390
204,773,742,604,315
544,45,713,22,943
786,690,829,778,404
304,25,92,13,314
58,25,419,674,140
783,779,39,151,500
463,481,882,292,773
113,678,493,471,246
762,914,823,379,120
294,894,730,889,490
143,893,875,969,24
928,168,604,282,449
981,856,183,600,298
961,696,467,127,426
982,854,791,687,470
817,938,33,244,943
877,123,378,874,282
71,272,726,360,548
324,1000,151,988,97
664,506,928,938,188
572,956,1,386,181
197,118,70,370,681
846,82,248,594,511
584,504,861,278,238
603,314,81,933,63
295,117,390,390,352
914,480,313,352,432
389,90,594,197,612
805,834,95,350,304
426,596,276,109,743
795,315,656,464,884
97,165,15,644,523
22,344,419,994,595
8,457,425,396,456
352,766,870,864,311
660,609,522,244,546
792,819,632,562,812
242,637,904,366,83
183,986,219,358,114
355,728,655,62,750
218,853,843,930,384
75,457,388,339,596
816,650,836,542,576
548,959,419,529,652
485,467,359,137,872
495,203,301,990,922
250,206,844,701,638
370,675,774,133,45
184,649,128,68,716
600,385,367,958,896
363,761,739,894,292
444,525,205,310,637
803,102,974,355,856
607,210,448,699,857
479,850,902,772,278
964,664,226,919,812
243,819,554,810,712
88,498,487,212,339
940,834,296,640,462
80,903,218,642,944
261,805,233,32,390
431,379,41,85,62
355,568,827,559,299
196,534,721,184,461
709,840,530,637,543
622,648,380,394,544
630,663,415,794,992
167,804,887,985,588
859,823,881,705,477
69,901,330,280,112
151,856,126,264,540
752,499,603,14,286
296,194,861,414,184
430,995,494,549,26
422,761,363,843,200
254,331,687,92,185
170,690,799,415,485
82,856,144,18,473
830,23,291,405,33
608,859,869,239,874
468,687,257,110,122
249,653,102,191,86
768,233,235,592,583
959,134,999,158,298
332,147,582,529,962
603,121,831,938,899
106,238,630,576,257
779,436,373,488,738
123,822,305,873,423
125,10,479,509,457
386,505,205,143,44
599,270,249,305,534
861,310,943,297,65
473,774,897,114,887
746,383,872,314,690
776,927,891,608,337
0,972,39,408,338
893,36,522,231,151
720,708,920,204,975
769,91,132,840,435
691,589,945,154,674
977,463,123,14,88
361,145,231,775,875
569,762,411,607,2
367,554,572,796,347
77,974,166,660,720
912,537,847,804,819
698,340,864,958,58
444,661,553,438,210
870,236,567,488,671
351,890,950,248,575
979,612,725,209,799
80,897,12,428,917
469,52,957,355,612
428,619,492,107,533
146,816,397,869,501
92,848,45,413,622
982,441,462,690,556
781,356,328,601,891
655,594,855,146,605
318,693,794,711,438
958,440,982,204,399
156,945,322,42,440
585,182,169,813,201
13,27,822,607,520
557,480,598,435,447
499,138,736,929,488
786,958,82,345,861
992,4,912,737,913
852,241,174,379,175
174,487,989,506,702
787,737,143,235,787
816,493,430,993,902
40,384,2,248,276
684,168,983,913,517
135,299,503,939,794
529,93,617,390,457
751,834,57,925,487
88,982,629,13,751
625,471,150,385,817
276,482,190,510,473
446,784,338,202,450
799,752,891,907,645
725,236,76,749,709
75,568,594,521,188
233,920,252,116,534
966,338,91,414,729
433,181,390,493,159
192,750,407,608,745
692,288,61,539,87
140,952,508,934,769
291,600,486,925,539
182,572,801,792,161
429,623,357,475,637
581,950,525,408,832
412,276,643,292,598
861,133,726,453,590
597,191,920,210,2
874,697,895,836,369
996,320,976,580,897
726,246,249,324,852
316,310,455,215,400
551,785,575,553,28
472,154,959,589,75
610,756,717,492,41
419,393,200,415,989
242,250,831,136,48
883,275,74,684,278
42,363,752,884,685
221,757,964,796,971
570,687,808,670,498
530,972,253,119,882
556,626,828,295,947
242,76,375,499,872
812,352,530,758,420
991,448,366,81,280
92,768,493,734,455
463,393,864,434,40
805,784,355,805,758
138,553,737,554,211
570,920,25,446,553
645,673,31,727,89
293,432,857,900,789
515,520,587,727,161
225,275,343,223,118
713,755,426,966,634
457,318,1,8,737
2,969,677,160,426
12,636,371,24,252
926,176,202,861,63
74,551,609,40,968
140,45,428,343,167
931,384,372,44,533
295,937,365,843,293
650,466,508,687,735
940,76,897,9,561
184,288,503,236,277
70,340,582,740,751
237,377,136,112,237
701,474,102,352,181
38,347,335,363,547
647,404,482,777,553
313,657,445,122,755
897,195,276,959,487
627,16,820,124,576
838,177,935,658,686
377,517,564,920,440
189,905,12,254,436
669,219,465,121,183
353,776,2,685,117
201,768,650,593,367
934,660,144,187,895
519,275,917,821,624
765,700,338,914,33
377,817,303,133,307
16,267,270,82,245
930,855,389,288,174
650,877,167,376,920
849,728,123,559,248
586,362,450,870,966
85,863,898,854,626
928,98,661,370,895
231,244,302,521,895
737,352,164,771,400
604,646,563,105,229
821,600,541,309,251
247,829,3,990,489
622,729,116,332,177
32,558,252,661,188
702,587,655,321,187
516,892,786,342,312
365,792,561,711,210
465,319,675,457,110
929,54,108,881,921
435,892,843,165,914
73,759,585,37,392
487,30,988,543,941
899,583,473,897,358
641,414,294,956,801
964,520,412,702,856
409,320,340,9,416
830,122,97,848,849
480,4,1,42,380
622,200,135,707,745
200,676,203,267,804
271,466,961,146,206
790,621,109,498,452
216,559,562,886,865
893,470,442,799,74
191,722,987,547,297
670,510,75,585,512
788,634,661,971,766
741,629,489,681,857
184,896,202,740,263
814,838,330,771,932
922,273,899,131,110
80,898,466,592,383
307,510,719,115,279
839,907,306,797,237
931,996,616,751,433
843,530,984,763,201
983,638,1000,771,380
70,499,731,710,715
423,185,877,771,229
526,463,140,824,386
866,10,316,752,707
643,148,947,475,229
707,698,139,533,480
780,633,251,42,414
278,488,892,278,993
597,9,517,567,885
85,339,735,335,871
156,207,172,84,944
297,55,484,19,560
664,322,142,93,648
480,109,845,691,583
795,933,866,601,710
326,436,788,206,194
343,840,542,818,570
708,838,223,886,817
365,162,168,811,977
381,601,863,538,884
527,258,676,828,582
177,819,639,915,667
61,458,985,422,465
257,315,81,711,467
990,100,974,627,750
865,906,890,314,610
87,469,10,54,4
29,639,984,961,950
44,113,701,252,924
319,412,503,216,1000
546,50,784,811,391
354,146,984,575,632
384,973,954,619,777
375,199,206,393,519
966,52,63,577,520
225,469,331,43,703
101,777,156,0,965
6,735,112,428,365
521,994,595,526,235
533,509,110,670,955
248,372,203,967,476
318,104,315,272,298
433,752,841,386,343
908,239,537,53,480
644,505,491,894,781
532,899,254,680,745
551,590,637,729,52
105,201,770,532,61
951,891,622,824,307
301,326,981,349,775
468,34,843,771,813
662,774,744,418,785
482,789,415,638,492
447,968,495,632,158
505,126,921,329,973
515,849,523,580,607
785,710,304,679,634
865,2,368,147,498
276,974,975,716,395
488,756,905,307,159
945,241,792,264,640
423,232,415,401,672
733,161,787,664,756
438,596,888,439,99
865,891,253,538,134
619,812,638,721,581
629,937,51,230,841
156,983,229,250,163
408,682,828,920,428
367,713,293,685,470
1000,332,16,464,768
588,982,448,431,617
823,986,545,398,259
434,792,339,92,954
544,49,295,543,723
367,727,260,179,883
749,526,105,461,726
118,219,647,861,636
535,917,683,365,602
624,573,273,127,247
953,575,549,666,601
841,297,145,737,179
343,336,164,846,5
231,141,537,889,630
728,753,474,843,315
546,966,8,566,166
364,286,746,258,203
83,609,505,902,536
604,59,526,560,477
760,184,19,866,93
32,382,879,618,842
767,542,329,297,834
183,672,241,82,587
777,648,928,696,485
376,46,791,632,295
662,483,184,69,434
904,927,848,176,807
897,124,990,65,531
898,24,833,82,90
631,281,15,586,549
530,324,797,568,698
512,29,659,525,404
89,579,593,170,281
210,323,96,672,380
403,301,457,197,526
580,477,194,333,521
359,775,945,329,351
291,931,369,903,35
318,896,453,895,295
312,903,656,594,575
98,799,951,162,439
532,998,945,219,559
104,508,896,997,776
73,120,261,956,505
5,184,224,176,9
547,20,465,999,436
686,661,43,703,301
860,219,513,118,910
782,421,206,316,158
382,644,269,93,877
795,767,671,767,472
147,383,224,476,830
506,113,307,494,838
929,782,775,503,961
886,729,219,291,598
902,170,637,915,852
474,422,665,57,505
984,363,788,441,864
929,748,415,279,154
916,567,616,654,946
190,828,360,491,45
10,369,785,372,711
804,983,169,383,349
873,626,257,164,113
560,910,645,647,846
523,843,525,902,2
201,58,14,822,44
380,297,605,373,442
221,955,689,979,990
493,969,362,857,585
897,934,927,269,369
422,46,77,723,152
992,52,303,95,393
577,310,665,593,255
347,39,735,922,207
849,965,887,371,18
827,195,292,581,511
786,344,643,675,391
988,755,831,614,138
684,539,665,170,565
388,559,709,688,617
281,887,117,315,616
717,470,323,55,964
630,917,818,238,599
678,907,741,117,341
158,25,277,648,105
445,646,653,825,544
620,596,57,204,51
869,291,181,14,38
391,140,713,541,879
239,94,284,397,863
219,890,415,238,189
207,940,357,323,103
773,703,946,515,244
757,733,0,607,707
588,79,619,989,417
408,182,651,409,640
921,70,693,59,988
328,755,208,886,537
19,786,241,305,948
886,333,910,431,149
242,216,996,625,410
782,721,435,287,149
580,8,580,957,335
580,829,618,125,708
359,246,741,221,479
396,365,684,539,328
377,324,649,759,402
652,670,308,731,348
660,482,773,446,905
318,85,474,451,864
129,24,371,64,309
713,333,286,888,200
511,790,571,150,235
904,583,902,269,580
365,18,290,251,195
891,476,893,976,495
398,181,265,660,711
956,884,846,986,380
554,52,792,261,785
839,364,635,122,243
159,137,951,602,739
